ME+1/1
--------------------
  Chamber 1: 0.000 0.000 0.000 0.000 0.000   0.000
  Chamber 2: 1.000 1.000 1.000 1.000 1.000   1.000
  Chamber 3: 0.000 0.000 0.000 0.000 0.000   0.000
  Chamber 4: 0.000 0.000 0.000 0.000 0.000   0.000
  Chamber 5: 0.000 0.000 0.000 0.000 0.000   0.000
  Chamber 6: 0.000 0.000 0.000 0.000 0.000   0.000
  Chamber 7: 0.000 0.000 0.000 0.000 0.000   0.000
  Chamber 8: 0.000 0.000 0.000 0.000 0.000   0.000
  Chamber 9: 0.000 0.000 0.000 0.000 0.000   0.000
  Chamber 10: 0.000 0.000 0.000 0.000 0.000   0.000
  Chamber 11: 0.000 0.000 0.000 0.000 0.000   0.000
  Chamber 12: 0.000 0.000 0.000 0.000 0.000   0.000
  Chamber 13: 0.000 0.000 0.000 0.000 0.000   0.000
  Chamber 14: 1.000 1.000 1.000 1.000 1.000   1.000
  Chamber 15: 0.000 0.000 0.000 0.000 0.000   0.000
  Chamber 16: 0.000 0.000 0.000 0.000 0.000   0.000
  Chamber 17: 0.000 0.000 0.000 0.000 0.000   0.000
  Chamber 18: 1.000 1.000 1.000 1.000 1.000   1.000
  Chamber 19: 1.000 1.000 1.000 1.000 1.000   1.000
  Chamber 20: 0.500 0.500 0.500 0.500 0.500   0.500
  Chamber 21: 0.000 0.000 0.000 0.000 0.000   0.000
  Chamber 22: 0.000 0.000 0.000 0.000 0.000   0.000
  Chamber 23: 0.000 0.000 0.000 0.000 0.000   0.000
  Chamber 24: 0.000 0.000 0.000 0.000 0.000   0.000
  Chamber 25: 0.000 0.000 0.000 0.000 0.000   0.000
  Chamber 26: 0.000 0.000 0.000 0.000 0.000   0.000
  Chamber 27: 0.000 0.000 0.000 0.000 0.000   0.000
  Chamber 28: 1.000 1.000 1.000 1.000 1.000   0.000
  Chamber 29: 0.000 0.000 0.000 0.000 0.000   0.000
  Chamber 30: 0.000 0.000 0.000 0.000 0.000   0.000
  Chamber 31: 0.000 0.000 0.000 0.000 0.000   0.000
  Chamber 32: 0.000 0.000 0.000 0.000 0.000   0.000
  Chamber 33: 0.000 0.000 0.000 0.000 0.000   0.000
  Chamber 34: 0.500 0.500 0.500 0.500 0.500   0.500
  Chamber 35: 0.000 0.000 0.000 0.000 0.000   0.000
  Chamber 36: 0.000 0.000 0.000 0.000 0.000   0.000

ME+1/2
--------------------
  Chamber 1: 0.000 0.000 0.000 0.000 0.000   0.000
  Chamber 2: 0.000 0.000 0.000 0.000 0.000   0.000
  Chamber 3: 0.000 0.000 0.000 0.000 0.000   0.000
  Chamber 4: 0.000 0.000 0.000 0.000 0.000   0.000
  Chamber 5: 0.000 0.000 0.000 0.000 0.000   0.000
  Chamber 6: 0.000 0.000 0.000 0.000 0.000   0.000
  Chamber 7: 0.000 0.000 0.000 0.000 0.000   0.000
  Chamber 8: 0.000 0.000 0.000 0.000 0.000   0.000
  Chamber 9: 0.000 0.000 0.000 0.000 0.000   0.000
  Chamber 10: 0.000 1.000 1.000 1.000 1.000   1.000
  Chamber 11: 0.000 0.000 0.000 0.000 0.000   0.000
  Chamber 12: 0.000 0.000 0.000 0.000 0.000   0.000
  Chamber 13: 0.000 0.000 0.000 0.000 0.000   0.000
  Chamber 14: 0.000 0.000 0.000 0.000 0.000   0.000
  Chamber 15: 0.000 0.000 0.000 0.000 0.000   0.000
  Chamber 16: 0.000 0.000 0.000 0.000 0.000   0.000
  Chamber 17: 0.000 0.000 0.000 0.000 0.000   0.000
  Chamber 18: 0.000 0.000 0.000 0.000 0.000   0.000
  Chamber 19: 0.000 0.000 0.000 0.000 0.000   0.000
  Chamber 20: 0.000 0.000 0.000 0.000 0.000   0.000
  Chamber 21: 1.000 1.000 1.000 1.000 1.000   1.000
  Chamber 22: 0.000 0.000 0.000 0.000 0.000   0.000
  Chamber 23: 0.000 0.000 0.000 0.000 0.000   0.000
  Chamber 24: 0.000 0.000 0.000 0.000 0.000   0.000
  Chamber 25: 0.000 0.000 0.000 0.000 0.000   0.000
  Chamber 26: 0.000 0.000 0.000 0.000 0.000   0.000
  Chamber 27: 1.000 1.000 1.000 1.000 1.000   1.000
  Chamber 28: 0.000 0.000 0.000 0.000 0.000   0.000
  Chamber 29: 0.000 0.000 0.000 0.000 0.000   0.000
  Chamber 30: 0.000 0.000 0.000 0.000 0.000   0.000
  Chamber 31: 0.000 0.000 0.000 0.000 0.000   0.000
  Chamber 32: 0.000 0.000 0.000 0.000 0.000   0.000
  Chamber 33: 0.000 0.000 0.000 0.000 0.000   0.000
  Chamber 34: 1.000 1.000 1.000 0.000 1.000   1.000
  Chamber 35: 0.000 0.000 0.000 0.000 0.000   0.000
  Chamber 36: 0.000 0.000 0.000 0.000 0.000   0.000

ME+1/3
--------------------
  Chamber 1: 0.000 0.000 0.000 0.000 0.000   0.000
  Chamber 2: 0.000 0.000 0.000 0.000 0.000   0.000
  Chamber 3: 0.000 0.000 0.000 0.000 0.000   0.000
  Chamber 4: 0.000 0.000 0.000 0.000 0.000   0.000
  Chamber 5: 0.000 0.000 0.000 0.000 0.000   0.000
  Chamber 6: 0.000 0.000 0.000 0.000 0.000   0.000
  Chamber 7: 0.000 0.000 0.000 0.000 0.000   0.000
  Chamber 8: 0.000 0.000 0.000 0.000 0.000   0.000
  Chamber 9: 0.000 0.000 0.000 0.000 0.000   0.000
  Chamber 10: 0.000 0.000 0.000 0.000 0.000   0.000
  Chamber 11: 0.000 0.000 0.000 0.000 0.000   0.000
  Chamber 12: 0.000 0.000 0.000 0.000 0.000   0.000
  Chamber 13: 0.000 0.000 0.000 0.000 0.000   0.000
  Chamber 14: 0.000 0.000 0.000 0.000 0.000   0.000
  Chamber 15: 0.000 0.000 0.000 0.000 0.000   0.000
  Chamber 16: 0.000 0.000 0.000 0.000 0.000   0.000
  Chamber 17: 0.000 0.000 0.000 0.000 0.000   0.000
  Chamber 18: 0.000 0.000 0.000 0.000 0.000   0.000
  Chamber 19: 0.000 0.000 0.000 0.000 0.000   0.000
  Chamber 20: 0.000 0.000 0.000 0.000 0.000   0.000
  Chamber 21: 0.000 0.000 0.000 0.000 0.000   0.000
  Chamber 22: 0.000 0.000 0.000 0.000 0.000   0.000
  Chamber 23: 0.000 0.000 0.000 0.000 0.000   0.000
  Chamber 24: 0.000 0.000 0.000 0.000 0.000   0.000
  Chamber 25: 0.000 0.000 0.000 0.000 0.000   0.000
  Chamber 26: 0.000 0.000 0.000 0.000 0.000   0.000
  Chamber 27: 0.000 0.000 0.000 0.000 0.000   0.000
  Chamber 28: 0.000 0.000 0.000 0.000 0.000   0.000
  Chamber 29: 0.000 0.000 0.000 0.000 0.000   0.000
  Chamber 30: 0.000 0.000 0.000 0.000 0.000   0.000
  Chamber 31: 0.000 0.000 0.000 0.000 0.000   0.000
  Chamber 32: 0.000 0.000 0.000 0.000 0.000   0.000
  Chamber 33: 0.000 0.000 0.000 0.000 0.000   0.000
  Chamber 34: 0.000 0.000 0.000 0.000 0.000   0.000
  Chamber 35: 0.000 0.000 0.000 0.000 0.000   0.000
  Chamber 36: 0.000 0.000 0.000 0.000 0.000   0.000

ME+1/4
--------------------
  Chamber 1: 0.000 0.000 0.000 0.000 0.000   0.000
  Chamber 2: 0.000 0.000 0.000 0.000 0.000   0.000
  Chamber 3: 0.000 0.000 0.000 0.000 0.000   0.000
  Chamber 4: 0.000 0.000 0.000 0.000 0.000   0.000
  Chamber 5: 0.000 0.000 0.000 0.000 0.000   0.000
  Chamber 6: 1.000 1.000 1.000 1.000 1.000   1.000
  Chamber 7: 0.000 0.000 0.000 0.000 0.000   0.000
  Chamber 8: 1.000 1.000 1.000 1.000 1.000   1.000
  Chamber 9: 1.000 1.000 1.000 1.000 1.000   1.000
  Chamber 10: 0.000 0.000 0.000 0.000 0.000   0.000
  Chamber 11: 0.000 0.000 0.000 0.000 0.000   0.000
  Chamber 12: 0.000 0.000 0.000 0.000 0.000   0.000
  Chamber 13: 0.000 0.000 0.000 0.000 0.000   0.000
  Chamber 14: 0.000 0.000 0.000 0.000 0.000   0.000
  Chamber 15: 0.000 0.000 0.000 0.000 0.000   0.000
  Chamber 16: 0.000 0.000 0.000 0.000 0.000   0.000
  Chamber 17: 0.000 0.000 0.000 0.000 0.000   0.000
  Chamber 18: 0.000 0.000 0.000 0.000 0.000   0.000
  Chamber 19: 0.000 0.000 0.000 0.000 0.000   0.000
  Chamber 20: 0.000 0.000 0.000 0.000 0.000   0.000
  Chamber 21: 0.000 0.000 0.000 0.000 0.000   0.000
  Chamber 22: 0.000 0.000 0.000 0.000 0.000   0.000
  Chamber 23: 0.000 0.000 0.000 0.000 0.000   0.000
  Chamber 24: 0.000 0.000 0.000 0.000 0.000   0.000
  Chamber 25: 0.000 0.000 0.000 0.000 0.000   0.000
  Chamber 26: 0.000 0.000 0.000 0.000 0.000   0.000
  Chamber 27: 0.000 0.000 0.000 0.000 0.000   0.000
  Chamber 28: 0.000 0.000 0.000 0.000 0.000   0.000
  Chamber 29: 0.000 0.000 0.000 0.000 0.000   0.000
  Chamber 30: 0.000 0.000 0.000 0.000 0.000   0.000
  Chamber 31: 0.000 0.000 0.000 0.000 0.000   0.000
  Chamber 32: 0.000 0.000 0.000 0.000 0.000   0.000
  Chamber 33: 0.000 0.000 0.000 0.000 0.000   0.000
  Chamber 34: 0.000 0.000 0.000 0.000 0.000   0.000
  Chamber 35: 0.000 0.000 0.000 0.000 0.000   0.000
  Chamber 36: 0.000 0.000 0.000 0.000 0.000   0.000


ME+2/1
--------------------
  Chamber 1: 0.000 0.000 0.000 0.000 0.000   0.000
  Chamber 2: 0.000 0.000 0.000 0.000 0.000   0.000
  Chamber 3: 1.000 1.000 1.000 1.000 1.000   1.000
  Chamber 4: 1.000 1.000 1.000 1.000 1.000   1.000
  Chamber 5: 0.500 0.500 0.500 0.500 0.500   0.500
  Chamber 6: 0.000 0.000 0.000 0.000 0.000   0.000
  Chamber 7: 0.000 0.000 0.000 0.000 0.000   0.000
  Chamber 8: 0.000 0.000 0.000 0.000 0.000   0.000
  Chamber 9: 0.500 0.500 0.500 0.500 0.500   0.500
  Chamber 10: 0.800 0.750 0.750 0.800 0.600   0.800
  Chamber 11: 0.000 0.000 0.000 0.000 0.000   0.000
  Chamber 12: 0.000 0.000 0.000 0.000 0.000   0.000
  Chamber 13: 0.000 0.000 0.000 0.000 0.000   0.000
  Chamber 14: 1.000 1.000 1.000 1.000 1.000   0.000
  Chamber 15: 0.000 0.000 0.000 0.000 0.000   0.000
  Chamber 16: 0.000 0.000 0.000 0.000 0.000   0.000
  Chamber 17: 1.000 1.000 1.000 1.000 1.000   1.000
  Chamber 18: 0.000 0.000 0.000 0.000 0.000   0.000

ME+2/2
--------------------
  Chamber 1: 0.000 0.000 0.000 0.000 0.000   0.000
  Chamber 2: 0.000 0.000 0.000 0.000 0.000   0.000
  Chamber 3: 0.000 0.000 0.000 0.000 0.000   0.000
  Chamber 4: 0.000 0.000 0.000 0.000 0.000   0.000
  Chamber 5: 0.000 0.000 0.000 0.000 0.000   0.000
  Chamber 6: 0.000 0.000 0.000 0.000 0.000   0.000
  Chamber 7: 0.000 0.000 0.000 0.000 0.000   0.000
  Chamber 8: 0.000 0.000 0.000 0.000 0.000   0.000
  Chamber 9: 0.000 0.000 0.000 0.000 0.000   0.000
  Chamber 10: 1.000 1.000 1.000 1.000 1.000   1.000
  Chamber 11: 0.000 0.000 0.000 0.000 0.000   0.000
  Chamber 12: 0.000 0.000 0.000 0.000 0.000   0.000
  Chamber 13: 0.000 0.000 0.000 0.000 0.000   0.000
  Chamber 14: 0.000 0.000 0.000 0.000 0.000   0.000
  Chamber 15: 0.000 0.000 0.000 0.000 0.000   0.000
  Chamber 16: 0.000 0.000 0.000 0.000 0.000   0.000
  Chamber 17: 0.000 0.000 0.000 0.000 0.000   0.000
  Chamber 18: 0.000 0.000 0.000 0.000 0.000   0.000
  Chamber 19: 0.000 0.000 0.000 0.000 0.000   0.000
  Chamber 20: 0.000 0.000 0.000 0.000 0.000   0.000
  Chamber 21: 0.000 0.000 0.000 0.000 0.000   0.000
  Chamber 22: 0.000 0.000 0.000 0.000 0.000   0.000
  Chamber 23: 0.000 0.000 0.000 0.000 0.000   0.000
  Chamber 24: 0.000 0.000 0.000 0.000 0.000   0.000
  Chamber 25: 0.000 0.000 0.000 0.000 0.000   0.000
  Chamber 26: 0.000 0.000 0.000 0.000 0.000   0.000
  Chamber 27: 1.000 1.000 1.000 1.000 1.000   1.000
  Chamber 28: 0.000 0.000 0.000 0.000 0.000   0.000
  Chamber 29: 0.000 0.000 0.000 0.000 0.000   0.000
  Chamber 30: 0.000 0.000 0.000 0.000 0.000   0.000
  Chamber 31: 0.000 0.000 0.000 0.000 0.000   0.000
  Chamber 32: 0.000 0.000 0.000 0.000 0.000   0.000
  Chamber 33: 0.000 0.000 0.000 0.000 0.000   0.000
  Chamber 34: 0.000 0.000 0.000 0.000 0.000   0.000
  Chamber 35: 0.000 0.000 0.000 0.000 0.000   0.000
  Chamber 36: 0.000 0.000 0.000 0.000 0.000   0.000


ME+3/1
--------------------
  Chamber 1: 1.000 1.000 1.000 1.000 1.000   1.000
  Chamber 2: 0.000 0.000 0.000 0.000 0.000   0.000
  Chamber 3: 1.000 1.000 1.000 1.000 1.000   1.000
  Chamber 4: 1.000 1.000 1.000 1.000 1.000   1.000
  Chamber 5: 0.500 0.500 0.500 0.500 0.500   0.500
  Chamber 6: 0.000 0.000 0.000 0.000 0.000   0.000
  Chamber 7: 0.000 0.000 0.000 0.000 0.000   0.000
  Chamber 8: 0.000 0.000 0.000 0.000 0.000   0.000
  Chamber 9: 0.000 0.000 0.000 0.000 0.000   0.000
  Chamber 10: 0.750 0.750 0.750 0.750 0.750   0.750
  Chamber 11: 0.000 0.000 0.000 0.000 0.000   0.000
  Chamber 12: 0.000 0.000 0.000 0.000 0.000   0.000
  Chamber 13: 0.000 0.000 0.000 0.000 0.000   0.000
  Chamber 14: 1.000 1.000 1.000 0.000 1.000   1.000
  Chamber 15: 0.000 0.000 0.000 0.000 0.000   0.000
  Chamber 16: 0.000 0.000 0.000 0.000 0.000   0.000
  Chamber 17: 1.000 0.000 1.000 1.000 1.000   1.000
  Chamber 18: 0.000 0.000 0.000 0.000 0.000   0.000

ME+3/2
--------------------
  Chamber 1: 0.000 0.000 0.000 0.000 0.000   0.000
  Chamber 2: 0.000 0.000 0.000 0.000 0.000   0.000
  Chamber 3: 0.000 0.000 0.000 0.000 0.000   0.000
  Chamber 4: 0.000 0.000 0.000 0.000 0.000   0.000
  Chamber 5: 1.000 1.000 1.000 1.000 1.000   1.000
  Chamber 6: 0.000 0.000 0.000 0.000 0.000   0.000
  Chamber 7: 0.000 0.000 0.000 0.000 0.000   0.000
  Chamber 8: 0.000 0.000 0.000 0.000 0.000   0.000
  Chamber 9: 0.000 0.000 0.000 0.000 0.000   0.000
  Chamber 10: 0.000 0.000 0.000 0.000 0.000   0.000
  Chamber 11: 0.000 0.000 0.000 0.000 0.000   0.000
  Chamber 12: 0.000 0.000 0.000 0.000 0.000   0.000
  Chamber 13: 0.000 0.000 0.000 0.000 0.000   0.000
  Chamber 14: 0.000 0.000 0.000 0.000 0.000   0.000
  Chamber 15: 0.000 0.000 0.000 0.000 0.000   0.000
  Chamber 16: 0.000 0.000 0.000 0.000 0.000   0.000
  Chamber 17: 0.000 0.000 0.000 0.000 0.000   0.000
  Chamber 18: 0.000 0.000 0.000 0.000 0.000   0.000
  Chamber 19: 0.000 0.000 0.000 0.000 0.000   0.000
  Chamber 20: 0.000 0.000 0.000 0.000 0.000   0.000
  Chamber 21: 1.000 1.000 1.000 0.000 0.000   1.000
  Chamber 22: 0.000 0.000 0.000 0.000 0.000   0.000
  Chamber 23: 0.000 0.000 0.000 0.000 0.000   0.000
  Chamber 24: 0.000 0.000 0.000 0.000 0.000   0.000
  Chamber 25: 0.000 0.000 0.000 0.000 0.000   0.000
  Chamber 26: 0.000 0.000 0.000 0.000 0.000   0.000
  Chamber 27: 1.000 1.000 1.000 1.000 1.000   1.000
  Chamber 28: 0.000 0.000 0.000 0.000 0.000   0.000
  Chamber 29: 0.000 0.000 0.000 0.000 0.000   0.000
  Chamber 30: 0.000 0.000 0.000 0.000 0.000   0.000
  Chamber 31: 0.000 0.000 0.000 0.000 0.000   0.000
  Chamber 32: 0.000 0.000 0.000 0.000 0.000   0.000
  Chamber 33: 0.000 0.000 0.000 0.000 0.000   0.000
  Chamber 34: 0.000 0.000 0.000 0.000 0.000   0.000
  Chamber 35: 0.000 0.000 0.000 0.000 0.000   0.000
  Chamber 36: 0.000 0.000 0.000 0.000 0.000   0.000


ME+4/1
--------------------
  Chamber 1: 1.000 1.000 1.000 1.000 1.000   1.000
  Chamber 2: 0.000 0.000 0.000 0.000 0.000   0.000
  Chamber 3: 1.000 1.000 1.000 1.000 1.000   1.000
  Chamber 4: 1.000 1.000 1.000 1.000 1.000   1.000
  Chamber 5: 0.000 0.000 0.000 0.000 0.000   0.000
  Chamber 6: 0.000 0.000 0.000 0.000 0.000   0.000
  Chamber 7: 0.000 0.000 0.000 0.000 0.000   0.000
  Chamber 8: 0.000 0.000 0.000 0.000 0.000   0.000
  Chamber 9: 0.000 0.000 0.000 0.000 0.000   0.000
  Chamber 10: 1.000 1.000 1.000 1.000 1.000   1.000
  Chamber 11: 0.000 0.000 0.000 0.000 0.000   0.000
  Chamber 12: 0.000 0.000 0.000 0.000 0.000   0.000
  Chamber 13: 0.000 0.000 0.000 0.000 0.000   0.000
  Chamber 14: 0.000 0.000 0.000 0.000 0.000   0.000
  Chamber 15: 0.000 0.000 0.000 0.000 0.000   0.000
  Chamber 16: 0.000 0.000 0.000 0.000 0.000   0.000
  Chamber 17: 1.000 1.000 1.000 1.000 1.000   1.000
  Chamber 18: 0.000 0.000 0.000 0.000 0.000   0.000

ME+4/2
--------------------
  Chamber 1: 0.000 0.000 0.000 0.000 0.000   0.000
  Chamber 2: 0.000 0.000 0.000 0.000 0.000   0.000
  Chamber 3: 0.000 0.000 0.000 0.000 0.000   0.000
  Chamber 4: 0.000 0.000 0.000 0.000 0.000   0.000
  Chamber 5: 1.000 1.000 1.000 1.000 1.000   1.000
  Chamber 6: 0.000 0.000 0.000 0.000 0.000   0.000
  Chamber 7: 0.000 0.000 0.000 0.000 0.000   0.000
  Chamber 8: 0.000 0.000 0.000 0.000 0.000   0.000
  Chamber 9: 0.000 0.000 0.000 0.000 0.000   0.000
  Chamber 10: 0.000 0.000 0.000 0.000 0.000   0.000
  Chamber 11: 0.000 0.000 0.000 0.000 0.000   0.000
  Chamber 12: 0.000 0.000 0.000 0.000 0.000   0.000
  Chamber 13: 0.000 0.000 0.000 0.000 0.000   0.000
  Chamber 14: 1.000 1.000 1.000 1.000 1.000   1.000
  Chamber 15: 0.000 0.000 0.000 0.000 0.000   0.000
  Chamber 16: 0.000 0.000 0.000 0.000 0.000   0.000
  Chamber 17: 1.000 1.000 1.000 1.000 1.000   1.000
  Chamber 18: 0.000 0.000 0.000 0.000 0.000   0.000
  Chamber 19: 0.000 0.000 0.000 0.000 0.000   0.000
  Chamber 20: 1.000 0.000 1.000 1.000 1.000   1.000
  Chamber 21: 1.000 1.000 1.000 1.000 1.000   1.000
  Chamber 22: 0.000 0.000 0.000 0.000 0.000   0.000
  Chamber 23: 0.000 0.000 0.000 0.000 0.000   0.000
  Chamber 24: 0.000 0.000 0.000 0.000 0.000   0.000
  Chamber 25: 0.000 0.000 0.000 0.000 0.000   0.000
  Chamber 26: 0.000 0.000 0.000 0.000 0.000   0.000
  Chamber 27: 1.000 1.000 1.000 1.000 1.000   0.000
  Chamber 28: 0.000 0.000 0.000 0.000 0.000   0.000
  Chamber 29: 0.000 0.000 0.000 0.000 0.000   0.000
  Chamber 30: 0.000 0.000 0.000 0.000 0.000   0.000
  Chamber 31: 0.000 0.000 0.000 0.000 0.000   0.000
  Chamber 32: 0.000 0.000 0.000 0.000 0.000   0.000
  Chamber 33: 0.000 0.000 0.000 0.000 0.000   0.000
  Chamber 34: 0.000 0.000 0.000 0.000 0.000   0.000
  Chamber 35: 0.000 0.000 0.000 0.000 0.000   0.000
  Chamber 36: 0.000 0.000 0.000 0.000 0.000   0.000


ME-1/1
--------------------
  Chamber 1: 1.000 1.000 1.000 1.000 1.000   1.000
  Chamber 2: 0.000 0.000 0.000 0.000 0.000   0.000
  Chamber 3: 0.000 0.000 0.000 0.000 0.000   0.000
  Chamber 4: 0.000 0.000 0.000 0.000 0.000   0.000
  Chamber 5: 0.000 0.000 0.000 0.000 0.000   0.000
  Chamber 6: 0.000 0.000 0.000 0.000 0.000   0.000
  Chamber 7: 1.000 1.000 1.000 1.000 1.000   1.000
  Chamber 8: 1.000 1.000 1.000 1.000 1.000   1.000
  Chamber 9: 0.000 0.000 0.000 0.000 0.000   0.000
  Chamber 10: 0.000 0.000 0.000 0.000 0.000   0.000
  Chamber 11: 0.000 0.000 0.000 0.000 0.000   0.000
  Chamber 12: 0.000 0.000 0.000 0.000 0.000   0.000
  Chamber 13: 0.000 0.000 0.000 0.000 0.000   0.000
  Chamber 14: 0.000 0.000 0.000 0.000 0.000   0.000
  Chamber 15: 0.000 0.000 0.000 0.000 0.000   0.000
  Chamber 16: 0.000 0.000 0.000 0.000 0.000   0.000
  Chamber 17: 0.000 0.000 0.000 0.000 0.000   0.000
  Chamber 18: 1.000 1.000 1.000 1.000 1.000   1.000
  Chamber 19: 0.000 0.000 0.000 0.000 0.000   0.000
  Chamber 20: 0.000 0.000 0.000 0.000 0.000   0.000
  Chamber 21: 0.000 0.000 0.000 0.000 0.000   0.000
  Chamber 22: 0.000 0.000 0.000 0.000 0.000   0.000
  Chamber 23: 0.000 0.000 0.000 0.000 0.000   0.000
  Chamber 24: 0.000 0.000 0.000 0.000 0.000   0.000
  Chamber 25: 1.000 1.000 1.000 1.000 1.000   1.000
  Chamber 26: 0.000 0.000 0.000 0.000 0.000   0.000
  Chamber 27: 0.000 0.000 0.000 0.000 0.000   0.000
  Chamber 28: 1.000 1.000 1.000 1.000 1.000   1.000
  Chamber 29: 0.000 0.000 0.000 0.000 0.000   0.000
  Chamber 30: 0.000 0.000 0.000 0.000 0.000   0.000
  Chamber 31: 1.000 1.000 1.000 1.000 1.000   1.000
  Chamber 32: 0.000 0.000 0.000 0.000 0.000   0.000
  Chamber 33: 0.000 0.000 0.000 0.000 0.000   0.000
  Chamber 34: 0.000 0.000 0.000 0.000 0.000   0.000
  Chamber 35: 0.000 0.000 0.000 0.000 0.000   0.000
  Chamber 36: 0.000 0.000 0.000 0.000 0.000   0.000

ME-1/2
--------------------
  Chamber 1: 0.000 0.000 0.000 0.000 0.000   0.000
  Chamber 2: 0.000 0.000 0.000 0.000 0.000   0.000
  Chamber 3: 0.000 0.000 0.000 0.000 0.000   0.000
  Chamber 4: 0.000 0.000 0.000 0.000 0.000   0.000
  Chamber 5: 0.000 0.000 0.000 0.000 0.000   0.000
  Chamber 6: 0.000 0.000 0.000 0.000 0.000   0.000
  Chamber 7: 0.000 0.000 0.000 0.000 0.000   0.000
  Chamber 8: 0.000 0.000 0.000 0.000 0.000   0.000
  Chamber 9: 1.000 1.000 1.000 1.000 1.000   1.000
  Chamber 10: 0.000 0.000 0.000 0.000 0.000   0.000
  Chamber 11: 0.000 0.000 0.000 0.000 0.000   0.000
  Chamber 12: 0.000 0.000 0.000 0.000 0.000   0.000
  Chamber 13: 0.000 0.000 0.000 0.000 0.000   0.000
  Chamber 14: 0.000 0.000 0.000 0.000 0.000   0.000
  Chamber 15: 0.000 0.000 0.000 0.000 0.000   0.000
  Chamber 16: 0.000 0.000 0.000 0.000 0.000   0.000
  Chamber 17: 1.000 1.000 1.000 1.000 1.000   1.000
  Chamber 18: 0.000 0.000 0.000 0.000 0.000   0.000
  Chamber 19: 0.000 0.000 0.000 0.000 0.000   0.000
  Chamber 20: 0.000 0.000 0.000 0.000 0.000   0.000
  Chamber 21: 0.000 0.000 0.000 0.000 0.000   0.000
  Chamber 22: 0.000 0.000 0.000 0.000 0.000   0.000
  Chamber 23: 0.000 0.000 0.000 0.000 0.000   0.000
  Chamber 24: 0.000 0.000 0.000 0.000 0.000   0.000
  Chamber 25: 0.000 0.000 0.000 0.000 0.000   0.000
  Chamber 26: 0.000 0.000 0.000 0.000 0.000   0.000
  Chamber 27: 0.000 0.000 0.000 0.000 0.000   0.000
  Chamber 28: 0.000 0.000 0.000 0.000 0.000   0.000
  Chamber 29: 1.000 1.000 1.000 1.000 1.000   1.000
  Chamber 30: 1.000 1.000 1.000 1.000 1.000   1.000
  Chamber 31: 0.000 0.000 0.000 0.000 0.000   0.000
  Chamber 32: 0.000 0.000 0.000 0.000 0.000   0.000
  Chamber 33: 0.000 0.000 0.000 0.000 0.000   0.000
  Chamber 34: 1.000 1.000 1.000 1.000 1.000   1.000
  Chamber 35: 0.000 0.000 0.000 0.000 0.000   0.000
  Chamber 36: 0.000 0.000 0.000 0.000 0.000   0.000

ME-1/3
--------------------
  Chamber 1: 0.000 0.000 0.000 0.000 0.000   0.000
  Chamber 2: 0.000 0.000 0.000 0.000 0.000   0.000
  Chamber 3: 0.000 0.000 0.000 0.000 0.000   0.000
  Chamber 4: 0.000 0.000 0.000 0.000 0.000   0.000
  Chamber 5: 0.000 0.000 0.000 0.000 0.000   0.000
  Chamber 6: 0.000 0.000 0.000 0.000 0.000   0.000
  Chamber 7: 0.000 0.000 0.000 0.000 0.000   0.000
  Chamber 8: 0.000 0.000 0.000 0.000 0.000   0.000
  Chamber 9: 0.000 0.000 0.000 0.000 0.000   0.000
  Chamber 10: 0.000 0.000 0.000 0.000 0.000   0.000
  Chamber 11: 0.000 0.000 0.000 0.000 0.000   0.000
  Chamber 12: 0.000 0.000 0.000 0.000 0.000   0.000
  Chamber 13: 0.000 0.000 0.000 0.000 0.000   0.000
  Chamber 14: 0.000 0.000 0.000 0.000 0.000   0.000
  Chamber 15: 0.000 0.000 0.000 0.000 0.000   0.000
  Chamber 16: 0.000 0.000 0.000 0.000 0.000   0.000
  Chamber 17: 0.000 0.000 0.000 0.000 0.000   0.000
  Chamber 18: 0.000 0.000 0.000 0.000 0.000   0.000
  Chamber 19: 0.000 0.000 0.000 0.000 0.000   0.000
  Chamber 20: 0.000 0.000 0.000 0.000 0.000   0.000
  Chamber 21: 0.000 0.000 0.000 0.000 0.000   0.000
  Chamber 22: 0.000 0.000 0.000 0.000 0.000   0.000
  Chamber 23: 0.000 0.000 0.000 0.000 0.000   0.000
  Chamber 24: 0.000 0.000 0.000 0.000 0.000   0.000
  Chamber 25: 0.000 0.000 0.000 0.000 0.000   0.000
  Chamber 26: 0.000 0.000 0.000 0.000 0.000   0.000
  Chamber 27: 0.000 0.000 0.000 0.000 0.000   0.000
  Chamber 28: 0.000 0.000 0.000 0.000 0.000   0.000
  Chamber 29: 0.000 0.000 0.000 0.000 0.000   0.000
  Chamber 30: 0.000 0.000 0.000 0.000 0.000   0.000
  Chamber 31: 0.000 0.000 0.000 0.000 0.000   0.000
  Chamber 32: 0.000 0.000 0.000 0.000 0.000   0.000
  Chamber 33: 0.000 0.000 0.000 0.000 0.000   0.000
  Chamber 34: 0.000 0.000 0.000 0.000 0.000   0.000
  Chamber 35: 0.000 0.000 0.000 0.000 0.000   0.000
  Chamber 36: 0.000 0.000 0.000 0.000 0.000   0.000

ME-1/4
--------------------
  Chamber 1: 0.000 0.000 0.000 0.000 0.000   0.000
  Chamber 2: 0.000 0.000 0.000 0.000 0.000   0.000
  Chamber 3: 0.000 0.000 0.000 0.000 0.000   0.000
  Chamber 4: 1.000 1.000 1.000 1.000 1.000   1.000
  Chamber 5: 0.000 0.000 0.000 0.000 0.000   0.000
  Chamber 6: 0.000 0.000 0.000 0.000 0.000   0.000
  Chamber 7: 0.000 0.000 0.000 0.000 0.000   0.000
  Chamber 8: 1.000 1.000 1.000 1.000 1.000   1.000
  Chamber 9: 0.000 0.000 0.000 0.000 0.000   0.000
  Chamber 10: 1.000 1.000 1.000 1.000 1.000   1.000
  Chamber 11: 1.000 1.000 1.000 1.000 1.000   1.000
  Chamber 12: 1.000 1.000 1.000 1.000 1.000   1.000
  Chamber 13: 0.000 0.000 0.000 0.000 0.000   0.000
  Chamber 14: 0.000 0.000 0.000 0.000 0.000   0.000
  Chamber 15: 0.000 0.000 0.000 0.000 0.000   0.000
  Chamber 16: 0.000 0.000 0.000 0.000 0.000   0.000
  Chamber 17: 0.000 0.000 0.000 0.000 0.000   0.000
  Chamber 18: 0.000 0.000 0.000 0.000 0.000   0.000
  Chamber 19: 0.000 0.000 0.000 0.000 0.000   0.000
  Chamber 20: 0.000 0.000 0.000 0.000 0.000   0.000
  Chamber 21: 0.000 0.000 0.000 0.000 0.000   0.000
  Chamber 22: 0.000 0.000 0.000 0.000 0.000   0.000
  Chamber 23: 0.000 0.000 0.000 0.000 0.000   0.000
  Chamber 24: 0.000 0.000 0.000 0.000 0.000   0.000
  Chamber 25: 0.000 0.000 0.000 0.000 0.000   0.000
  Chamber 26: 0.000 0.000 0.000 0.000 0.000   0.000
  Chamber 27: 0.000 0.000 0.000 0.000 0.000   0.000
  Chamber 28: 0.000 0.000 0.000 0.000 0.000   0.000
  Chamber 29: 0.000 0.000 0.000 0.000 0.000   0.000
  Chamber 30: 0.000 0.000 0.000 0.000 0.000   0.000
  Chamber 31: 0.000 0.000 0.000 0.000 0.000   0.000
  Chamber 32: 1.000 1.000 1.000 1.000 1.000   1.000
  Chamber 33: 0.000 0.000 0.000 0.000 0.000   0.000
  Chamber 34: 1.000 1.000 1.000 1.000 1.000   1.000
  Chamber 35: 1.000 1.000 1.000 1.000 1.000   1.000
  Chamber 36: 0.000 1.000 1.000 1.000 1.000   1.000


ME-2/1
--------------------
  Chamber 1: 0.667 0.667 1.000 1.000 1.000   1.000
  Chamber 2: 1.000 1.000 1.000 1.000 1.000   1.000
  Chamber 3: 1.000 1.000 1.000 1.000 1.000   1.000
  Chamber 4: 0.833 0.833 0.833 0.667 0.833   0.833
  Chamber 5: 1.000 1.000 1.000 1.000 1.000   1.000
  Chamber 6: 1.000 1.000 1.000 1.000 1.000   1.000
  Chamber 7: 0.000 0.000 0.000 0.000 0.000   0.000
  Chamber 8: 1.000 0.000 0.000 1.000 1.000   1.000
  Chamber 9: 0.500 0.500 0.500 0.500 0.500   0.500
  Chamber 10: 0.000 0.000 0.000 0.000 0.000   0.000
  Chamber 11: 0.000 0.000 0.000 0.000 0.000   0.000
  Chamber 12: 0.000 0.000 0.000 0.000 0.000   0.000
  Chamber 13: 0.000 0.000 0.000 0.000 0.000   0.000
  Chamber 14: 0.000 0.000 0.000 0.000 0.000   0.000
  Chamber 15: 0.000 0.000 0.000 0.000 0.000   0.000
  Chamber 16: 1.000 1.000 1.000 1.000 1.000   1.000
  Chamber 17: 1.000 1.000 1.000 1.000 1.000   1.000
  Chamber 18: 0.000 0.000 0.000 0.000 0.000   0.000

ME-2/2
--------------------
  Chamber 1: 0.000 0.000 0.000 0.000 0.000   0.000
  Chamber 2: 0.000 0.000 0.000 0.000 0.000   0.000
  Chamber 3: 0.000 0.000 0.000 0.000 0.000   0.000
  Chamber 4: 0.000 0.000 0.000 0.000 0.000   0.000
  Chamber 5: 0.000 0.000 0.000 0.000 0.000   0.000
  Chamber 6: 0.000 0.000 0.000 0.000 0.000   0.000
  Chamber 7: 0.000 0.000 0.000 0.000 0.000   0.000
  Chamber 8: 0.000 0.000 0.000 0.000 0.000   0.000
  Chamber 9: 0.000 0.000 0.000 0.000 0.000   0.000
  Chamber 10: 0.000 0.000 0.000 0.000 0.000   0.000
  Chamber 11: 0.000 0.000 0.000 0.000 0.000   0.000
  Chamber 12: 0.000 0.000 0.000 0.000 0.000   0.000
  Chamber 13: 0.000 0.000 0.000 0.000 0.000   0.000
  Chamber 14: 0.000 0.000 0.000 0.000 0.000   0.000
  Chamber 15: 0.000 0.000 0.000 0.000 0.000   0.000
  Chamber 16: 1.000 1.000 1.000 1.000 1.000   1.000
  Chamber 17: 1.000 1.000 1.000 1.000 1.000   1.000
  Chamber 18: 0.000 0.000 0.000 0.000 0.000   0.000
  Chamber 19: 0.000 0.000 0.000 0.000 0.000   0.000
  Chamber 20: 0.000 0.000 0.000 0.000 0.000   0.000
  Chamber 21: 0.000 0.000 0.000 0.000 0.000   0.000
  Chamber 22: 0.000 0.000 0.000 0.000 0.000   0.000
  Chamber 23: 0.000 0.000 0.000 0.000 0.000   0.000
  Chamber 24: 0.000 0.000 0.000 0.000 0.000   0.000
  Chamber 25: 0.000 0.000 0.000 0.000 0.000   0.000
  Chamber 26: 0.000 0.000 0.000 0.000 0.000   0.000
  Chamber 27: 0.000 0.000 0.000 0.000 0.000   0.000
  Chamber 28: 0.000 0.000 0.000 0.000 0.000   0.000
  Chamber 29: 0.000 0.000 0.000 0.000 0.000   0.000
  Chamber 30: 0.000 0.000 0.000 0.000 0.000   0.000
  Chamber 31: 0.000 0.000 0.000 0.000 0.000   0.000
  Chamber 32: 0.000 0.000 0.000 0.000 0.000   0.000
  Chamber 33: 1.000 1.000 1.000 1.000 1.000   1.000
  Chamber 34: 1.000 1.000 1.000 1.000 1.000   1.000
  Chamber 35: 0.000 0.000 0.000 0.000 0.000   0.000
  Chamber 36: 0.000 0.000 0.000 0.000 0.000   0.000


ME-3/1
--------------------
  Chamber 1: 1.000 1.000 1.000 1.000 1.000   1.000
  Chamber 2: 1.000 1.000 1.000 1.000 1.000   1.000
  Chamber 3: 0.000 0.000 0.000 0.000 0.000   0.000
  Chamber 4: 0.833 0.833 0.833 0.833 0.833   0.833
  Chamber 5: 1.000 1.000 1.000 1.000 1.000   1.000
  Chamber 6: 1.000 1.000 1.000 1.000 1.000   1.000
  Chamber 7: 0.000 0.000 0.000 0.000 0.000   0.000
  Chamber 8: 1.000 1.000 1.000 1.000 1.000   1.000
  Chamber 9: 1.000 1.000 1.000 1.000 1.000   1.000
  Chamber 10: 0.000 0.000 0.000 0.000 0.000   0.000
  Chamber 11: 0.000 0.000 0.000 0.000 0.000   0.000
  Chamber 12: 0.000 0.000 0.000 0.000 0.000   0.000
  Chamber 13: 1.000 1.000 1.000 1.000 1.000   1.000
  Chamber 14: 0.000 0.000 0.000 0.000 0.000   0.000
  Chamber 15: 0.000 0.000 0.000 0.000 0.000   0.000
  Chamber 16: 1.000 1.000 1.000 1.000 1.000   1.000
  Chamber 17: 1.000 1.000 1.000 1.000 1.000   1.000
  Chamber 18: 0.000 0.000 0.000 0.000 0.000   0.000

ME-3/2
--------------------
  Chamber 1: 0.500 1.000 1.000 1.000 1.000   1.000
  Chamber 2: 0.000 0.000 0.000 0.000 0.000   0.000
  Chamber 3: 0.000 0.000 0.000 0.000 0.000   0.000
  Chamber 4: 1.000 1.000 1.000 1.000 1.000   1.000
  Chamber 5: 0.000 0.000 0.000 0.000 0.000   0.000
  Chamber 6: 0.000 0.000 0.000 0.000 0.000   0.000
  Chamber 7: 0.000 0.000 0.000 0.000 0.000   0.000
  Chamber 8: 0.000 0.000 0.000 0.000 0.000   0.000
  Chamber 9: 1.000 1.000 1.000 1.000 1.000   1.000
  Chamber 10: 0.000 0.000 0.000 0.000 0.000   0.000
  Chamber 11: 0.000 0.000 0.000 0.000 0.000   0.000
  Chamber 12: 0.000 0.000 0.000 0.000 0.000   0.000
  Chamber 13: 0.000 0.000 0.000 0.000 0.000   0.000
  Chamber 14: 0.000 0.000 0.000 0.000 0.000   0.000
  Chamber 15: 0.000 0.000 0.000 0.000 0.000   0.000
  Chamber 16: 1.000 1.000 1.000 1.000 1.000   1.000
  Chamber 17: 1.000 1.000 1.000 1.000 1.000   1.000
  Chamber 18: 1.000 1.000 1.000 1.000 1.000   1.000
  Chamber 19: 0.000 0.000 0.000 0.000 0.000   0.000
  Chamber 20: 0.000 0.000 0.000 0.000 0.000   0.000
  Chamber 21: 0.000 0.000 0.000 0.000 0.000   0.000
  Chamber 22: 0.000 0.000 0.000 0.000 0.000   0.000
  Chamber 23: 0.000 0.000 0.000 0.000 0.000   0.000
  Chamber 24: 1.000 1.000 1.000 1.000 1.000   1.000
  Chamber 25: 0.000 0.000 0.000 0.000 0.000   0.000
  Chamber 26: 0.000 0.000 0.000 0.000 0.000   0.000
  Chamber 27: 0.000 0.000 0.000 0.000 0.000   0.000
  Chamber 28: 0.000 0.000 0.000 0.000 0.000   0.000
  Chamber 29: 1.000 1.000 1.000 1.000 1.000   1.000
  Chamber 30: 1.000 1.000 1.000 1.000 1.000   1.000
  Chamber 31: 0.000 0.000 0.000 0.000 0.000   0.000
  Chamber 32: 0.000 0.000 0.000 0.000 0.000   0.000
  Chamber 33: 0.000 0.000 0.000 0.000 0.000   0.000
  Chamber 34: 1.000 1.000 1.000 1.000 1.000   1.000
  Chamber 35: 0.000 0.000 0.000 0.000 0.000   0.000
  Chamber 36: 0.000 0.000 0.000 0.000 0.000   0.000


ME-4/1
--------------------
  Chamber 1: 0.000 0.000 0.000 0.000 0.000   0.000
  Chamber 2: 1.000 1.000 1.000 1.000 1.000   1.000
  Chamber 3: 0.000 0.000 0.000 0.000 0.000   0.000
  Chamber 4: 0.500 0.400 0.400 0.400 0.400   0.400
  Chamber 5: 0.000 0.000 0.000 0.000 0.000   0.000
  Chamber 6: 1.000 1.000 1.000 1.000 1.000   1.000
  Chamber 7: 0.000 0.000 0.000 0.000 0.000   0.000
  Chamber 8: 0.000 0.000 0.000 0.000 0.000   0.000
  Chamber 9: 0.000 0.000 0.000 0.000 0.000   0.000
  Chamber 10: 0.000 0.000 0.000 0.000 0.000   0.000
  Chamber 11: 0.000 0.000 0.000 0.000 0.000   0.000
  Chamber 12: 0.000 0.000 0.000 0.000 0.000   0.000
  Chamber 13: 0.000 0.000 0.000 0.000 0.000   0.000
  Chamber 14: 0.000 0.000 0.000 0.000 0.000   0.000
  Chamber 15: 0.000 0.000 0.000 0.000 0.000   0.000
  Chamber 16: 0.500 0.500 0.500 0.500 0.500   0.500
  Chamber 17: 0.000 0.000 0.000 0.000 0.000   0.000
  Chamber 18: 0.000 0.000 0.000 0.000 0.000   0.000

ME-4/2
--------------------
  Chamber 1: 0.500 0.500 0.500 0.500 0.500   0.500
  Chamber 2: 0.000 0.000 0.000 0.000 0.000   0.000
  Chamber 3: 0.000 0.000 0.000 0.000 0.000   0.000
  Chamber 4: 1.000 1.000 1.000 0.000 0.000   1.000
  Chamber 5: 0.000 0.000 0.000 0.000 0.000   0.000
  Chamber 6: 0.000 0.000 0.000 0.000 0.000   0.000
  Chamber 7: 0.000 0.000 0.000 0.000 0.000   0.000
  Chamber 8: 0.000 0.000 0.000 0.000 0.000   0.000
  Chamber 9: 1.000 1.000 1.000 1.000 1.000   1.000
  Chamber 10: 0.000 0.000 0.000 0.000 0.000   0.000
  Chamber 11: 0.000 0.000 0.000 0.000 0.000   0.000
  Chamber 12: 0.000 0.000 0.000 0.000 0.000   0.000
  Chamber 13: 0.000 0.000 0.000 0.000 0.000   0.000
  Chamber 14: 0.000 0.000 0.000 0.000 0.000   0.000
  Chamber 15: 0.000 0.000 0.000 0.000 0.000   0.000
  Chamber 16: 1.000 1.000 1.000 0.000 0.000   1.000
  Chamber 17: 0.000 0.000 0.000 0.000 0.000   0.000
  Chamber 18: 0.000 0.000 0.000 0.000 0.000   0.000
  Chamber 19: 0.000 0.000 0.000 0.000 0.000   0.000
  Chamber 20: 0.000 0.000 0.000 0.000 0.000   0.000
  Chamber 21: 0.000 0.000 0.000 0.000 0.000   0.000
  Chamber 22: 0.000 0.000 0.000 0.000 0.000   0.000
  Chamber 23: 0.000 0.000 0.000 0.000 0.000   0.000
  Chamber 24: 0.000 0.000 0.000 0.000 0.000   0.000
  Chamber 25: 1.000 1.000 1.000 1.000 1.000   0.000
  Chamber 26: 0.000 0.000 0.000 0.000 0.000   0.000
  Chamber 27: 0.000 0.000 0.000 0.000 0.000   0.000
  Chamber 28: 0.000 0.000 0.000 0.000 0.000   0.000
  Chamber 29: 1.000 1.000 1.000 1.000 1.000   1.000
  Chamber 30: 0.000 0.000 0.000 0.000 0.000   0.000
  Chamber 31: 0.000 0.000 0.000 0.000 0.000   0.000
  Chamber 32: 0.000 0.000 0.000 0.000 0.000   0.000
  Chamber 33: 1.000 1.000 1.000 1.000 1.000   1.000
  Chamber 34: 1.000 1.000 1.000 1.000 1.000   1.000
  Chamber 35: 0.000 0.000 0.000 0.000 0.000   0.000
  Chamber 36: 0.000 0.000 0.000 0.000 0.000   0.000


